0 0.094375 0.5575524166666667 0.15625 0.8591660000000001
0 0.1940625 0.5749479166666667 0.14062500000000003 0.8116669999999999
0 0.285625 0.5575003333333334 0.09437500000000001 0.794166
0 0.3943359375 0.5781253333333334 0.07750000000000001 0.8249999999999998
0 0.486015625 0.5513541666666667 0.08312499999999995 0.818333
0 0.5858203125 0.5703128333333334 0.08937499999999998 0.8083329999999999
0 0.691953125 0.5551045 0.0993750000000001 0.7975
0 0.790234375 0.5602600833333333 0.16812499999999997 0.785834
0 0.882890625 0.5686982500000001 0.1775 0.79
0 0.933203125 0.4615100833333334 0.130625 0.5975
0 0.9887890625 0.24833333333333332 0.01937500000000003 0.1675
